-240.91 -233.24 -233.24 -240.91
-233.24 -225.50 -225.50 -240.91
-229.21 -217.67 -228.88 -233.24
0.00 0.00 0.00 0.00
-53.07 -62.54 -43.50 -53.07
-43.50 -53.07 -33.84 -53.07
-33.84 -33.84 -24.08 -43.50
-24.08 -14.22 -14.22 -33.84
-14.22 -4.27 -4.27 -24.08
-4.27 5.79 -4.27 -14.22
-240.91 -225.50 -225.50 -233.24
-233.24 -217.67 -217.67 -233.24
-225.56 -209.77 -217.71 -225.50
0.00 0.00 0.00 0.00
-53.07 -71.91 -53.07 -62.54
-43.50 -62.54 -53.07 -62.54
0.00 0.00 0.00 0.00
-24.08 -4.27 -4.27 -14.22
-14.22 5.79 5.79 -14.22
-4.27 15.95 5.79 -4.27
-233.24 -217.67 -217.67 -225.50
-225.50 -209.77 -209.77 -225.50
-217.67 -201.79 -209.77 -217.67
0.00 0.00 0.00 0.00
-62.54 -81.19 -62.54 -71.91
-53.07 -71.91 -62.54 -71.91
0.00 0.00 0.00 0.00
-14.22 5.79 5.79 -4.27
-4.27 15.95 15.95 -4.27
5.79 26.21 15.95 5.79
-225.50 -209.77 -209.77 -217.67
-217.67 -201.79 -201.79 -217.67
-209.77 -193.73 -201.79 -209.77
0.00 0.00 0.00 0.00
-71.91 -90.38 -71.91 -81.19
-62.54 -81.19 -71.91 -81.19
0.00 0.00 0.00 0.00
-4.27 15.95 15.95 5.79
5.79 26.21 26.21 5.79
15.95 36.58 26.21 15.95
-217.67 -201.79 -201.79 -209.77
-209.77 -193.73 -193.73 -209.77
-201.79 -185.58 -193.73 -201.79
0.00 0.00 0.00 0.00
-81.19 -99.48 -81.19 -90.38
-71.91 -90.38 -81.19 -90.38
0.00 0.00 0.00 0.00
5.79 26.21 26.21 15.95
15.95 36.58 36.58 15.95
26.21 47.05 36.58 26.21
-209.77 -193.73 -193.73 -201.79
-201.79 -185.58 -185.58 -201.79
-193.73 -177.36 -185.58 -193.73
0.00 0.00 0.00 0.00
-90.38 -108.48 -90.38 -99.48
-81.19 -99.48 -90.38 -99.48
0.00 0.00 0.00 0.00
15.95 36.58 36.58 26.21
26.21 47.05 47.05 26.21
36.58 57.63 47.05 36.58
-201.79 -185.58 -185.58 -193.73
-193.73 -177.36 -177.36 -193.73
-185.58 -169.05 -177.36 -185.58
0.00 0.00 0.00 0.00
-99.48 -117.40 -99.48 -108.48
-90.38 -108.48 -99.48 -108.48
0.00 0.00 0.00 0.00
26.21 47.05 47.05 36.58
36.58 57.63 57.63 36.58
47.05 68.31 57.63 47.05
-193.73 -177.36 -177.36 -185.58
-185.58 -169.05 -169.05 -185.58
-177.36 -160.65 -169.05 -177.36
0.00 0.00 0.00 0.00
-108.48 -126.22 -108.48 -117.40
-99.48 -117.40 -108.48 -117.40
0.00 0.00 0.00 0.00
36.58 57.63 57.63 47.05
47.05 68.31 68.31 47.05
57.63 79.10 68.31 57.63
-185.58 -169.06 -169.05 -177.36
-177.36 -160.65 -160.65 -177.36
-169.05 -152.17 -160.65 -169.05
0.00 0.00 0.00 0.00
-117.40 -134.96 -117.40 -126.22
-108.48 -126.22 -117.40 -126.22
0.00 0.00 0.00 0.00
47.05 68.31 68.31 57.63
57.63 79.10 79.10 57.63
68.31 90.00 79.10 68.31
-177.36 -169.05 -160.65 -169.10
-169.05 -160.65 -152.17 -169.05
-160.65 -152.17 -143.61 -160.65
-143.61 -143.61 -134.96 -152.17
-126.22 -134.96 -126.22 -143.61
-117.40 -126.22 -126.22 -134.96
0.00 0.00 0.00 0.00
57.63 68.31 79.10 68.31
68.31 79.10 90.00 68.31
0.00 0.00 0.00 0.00
